0.9786011853199935
0.007237647366804946
0.9961846799436297
0.8012768244782207
0.9619465601620857
0.0015284660409522657
0.0007517224266948808
0.9891478825365342
0.003955593868198538
0.015296856015442135
0.13529617348658277
0.8675918708956016
0.003667053085952622
0.009751789801118975
0.9894086773057503
0.012818409629017589
0.9999934572222553
0.9995666134325584
0.9980396215540527
0.0006028172798973589
0.0013166082503511232
0.0012602344030928356
0.9207122845547409
0.9992719872960181
0.0062868031886478435
0.9999991396049219
0.0007140971175324355
0.9990172424213323
0.9998801742405604
0.9919097427377207
0.0622940946887338
0.0021601760058076696
0.0012030119201080615
0.9993560250660087
0.0002592470897024805
0.0122076465466094
0.00013084360291974097
0.003235038118085479
0.9998644767601078
0.0006644420158313568
0.0006846221265971515
0.005762221352085098
0.007799336218189519
0.9952489145623324
0.9999999989505972
0.00016454675699080663
0.9999463592457205
0.998599349095661
0.9999707805616463
0.0006511846501501861
0.0040603971449668114
0.990246798233822
0.9995367749596845
0.9970900242728195
0.999992641067873
0.9999957636665554
0.6762675532157266
0.020371029571547128
0.9974277538322225
0.026946644774569293
0.0002391402612276152
0.00018749981313148878
0.0004483604893070062
0.0028099474110246684
0.010838647673883537
0.02892508486455947
0.0005164268895678653
0.9984897863384072
0.02088242387921993
0.9999568460454996
0.9999999999998219
0.999997987579567
0.001990050971488061
9.795659780307176e-05
0.9999991876684282
0.9999032828943717
0.9999951129786402
0.999995632821546
0.9574235579868866
0.0014673402077530573
0.7216172781003746
0.019317200987180833
0.9999999997582616
0.09073900176635134
3.991980610182601e-05
0.014674461988078653
0.9997679808893705
0.0003297096497716529
0.9915853081908448
0.9999798932131718
0.9995029504439946
0.9866435808260223
0.9801044180621864
0.9999998307931097
0.9959004024626844
0.44139322248977086
8.260999946525849e-05
0.15006187436381335
0.0005345731622279327
0.9982580218354183
0.999998389427958
0.9961429862099339
0.00506433788639025
0.0004959985303897958
0.12471702880666613
0.1912390979615749
0.008889074292620838
0.022043089875450436
0.023674174255767927
0.9871576367761544
0.9949984796742014
0.976731423318783
0.999965776784333
0.8047306697415216
0.999987150162673
0.9999049243005149
0.9999997023128975
7.846163061293408e-07
0.023890440385420524
0.00012778837888497699
0.014316139890742107
0.9996375544445611
0.893653825863745
0.9999999609615884
0.0015357701518656744
0.0017894191314103483
0.00016601719852561472
0.025260609239353863
0.00012672183266238606
0.9942251512098178
0.0008998095602052884
0.9751667267943179
0.0015283169334684402
0.00051429434037349
0.9998144190955655
0.005358315961916724
0.03000636323414628
0.9999152278705753
0.998086573829049
0.0007693937893006545
0.999700313507489
0.010672365615605002
8.319068873005717e-05
0.8409173340770539
0.9978739029422928
0.0018531946985212574
0.013073274142879891
0.003075514395703841
0.9999755896041138
0.37437865917469076
0.001729066184184731
0.0018522899440211167
0.9999100963333798
0.0004240696113164464
0.9986637630639793
0.021730827157316716
0.001333864372232583
0.9999816310027432
0.999774794292793
0.9995293510171738
0.9549512704735041
0.00589866970083955
0.00028208492418165904
0.057462203639308845
0.999999999255049
0.9995261001002137
0.00038361489485063446
0.6568950204211541
0.0267053032077902
0.004851992413363183
0.9999816521658569
0.3899685155055189
0.9999888351278551
0.0010475510461911595
0.9654244210186292
0.9967738107439215
0.2412603555220223
0.030611600578541148
0.9847090590505232
0.7144946754662824
0.0185434111105982
0.00011415047663971508
0.9999999992708388
0.9999934287093184
0.986990610864099
2.430641196097977e-05
0.9999724087288775
0.2146396645299782
0.052002354562934554
0.8724983278354523
0.9995620280676237
0.9705026133969543
9.155833657195159e-05
0.9998316165690775
0.8953249915580437
0.0008950143393832446
0.9999999889378955
0.9999999999999911
0.011037979692939126
0.7975050072945636
0.00027059123125570543
0.9824805350176773
0.9999998813390155
0.007814417738912241
0.9999362264009326
0.9999985866847598
0.9991575334915416
0.4228303091672492
0.9830876753354048
0.9999967485540631
0.0010029047988023233
0.2414793044490942
0.999972976247733
0.021159466820260358
0.8206327486200156
0.1084487572472437
0.0013483901263453084
8.358112615118681e-05
0.0011451870394885567
0.003614343492927012
0.9711499019857304
0.9984517332742785
0.9716161723340355
0.9999919057647255
0.0006014692897826116
0.10707133785096455
0.01960900090499773
0.016063154342544503
0.9999999699876647
0.9999877748539054
0.999998790424349
0.00019330501632870665
0.013695182536992612
0.9999999860646789
0.9952800061033813
0.9999998736204956
0.8719443530775947
0.8774340821343813
0.9990322689116408
0.0026694653329491884
0.5151278067205682
0.007905322585401822
0.9999999998227471
0.9770585911728444
0.9947449712766796
0.04063253642265498
0.9995980655833387
0.0026612983975721404
0.9999999782863871
0.014288809325351148
0.9959776455967972
0.999569731913779
0.07552710449969789
0.9941949461223583
0.07770737522830125
0.867512126257771
0.0006963108339935419
0.023326628847961054
0.9999995935372883
0.0014091404519713982
0.02585154036807141
0.00016963599704002095
0.04447441138352141
0.999844563853794
0.0015309130548731154
0.9999960573949853
0.000497444005456074
0.9999843790709992
0.9999658685802119
0.9973275832377664
0.022420238933316513
0.025454035256457317
0.006108176713633541
0.9996561321833038
0.999965855898267
0.9999736169248608
0.9999960761380877
0.9999813628385034
0.9999913916611191
0.9999979917505925
0.0006538882924008105
0.9974888170700374
0.0005128904107162147
0.9999957985506452
0.05981483221708988
4.57382970763376e-05
0.05314717750708232
0.9970356253659705
0.001991350214946933
0.2471315180763569
0.999751965231012
0.9999998473226215
0.4356877811305173
0.0003263878955235709
0.9998869507124105
0.9974047950132517
0.001457221762377822
0.0005712794923502243
0.022885440261864513
0.004597623473472926
0.9999997709989157
0.9999952813221394
0.6859396314730726
0.9737157230122304
0.0007809637987708702
0.01669279205496425
3.980356901609587e-05
0.9987731191682605
0.9999979136078964
0.0009834912174977789
0.007188134740641907
0.9999964655526136
0.0150199581919541
0.0006813694420530451
0.004871115837059062
0.24987607247543298
0.02964750932270802
0.003074599319538382
0.005001835039014061
0.9999952390557857
0.9966424202226929
0.0006965729540091217
0.0002626231771790479
0.04706887072351448
0.999999191500708
0.0020769077836525415
0.12835594976422804
0.9999998380709609
0.9999678333966222
0.9999999983304699
0.9943070567966601
0.05463855902656701
0.9999106404002366
0.000592422523009795
0.9998833849511751
0.005974067192096544
0.9979427837597175
0.942012789992834
0.0008398685523643683
0.0013045977085316624
0.9900483924820461
0.9999916925486563
0.04361359588257331
0.9697621504207888
0.9927470724485217
0.0005847916004651778
0.002603525836458556
0.9999912587522289
0.9999999358492729
0.001232311788963906
0.35045841873218336
0.007068686687879851
0.12642531678164465
0.0026459700607401803
0.997965210884197
0.0008942629651098748
0.7411070945275119
0.0037064909815676924
0.9996224773149051
0.005882679932667583
0.00017620230041220716
0.49507864309383975
5.143447785188591e-05
0.43340466089524776
0.999890648594024
0.16667148108526017
0.34276247118774783
0.9999847074123703
0.9784111439595017
0.0026814545991286783
0.8990896807483517
0.0020707974277726685
0.012387904141204498
0.00035538201537942056
0.9988534844475764
0.009635832675786372
0.006409137294116252
0.9978421736743746
0.03422028737575639
0.0005469593469952678
0.00016834918363136818
0.001213781606430096
0.9963735234128652
0.9999999387319278
0.0043642564744581095
0.2878672276633263
0.9999953139038866
1.0
0.10981871041348275
0.017452809889155433
0.9982134829691999
0.00011579040379779327
0.9735085238405069
0.18895551569074256
0.9973953784760017
0.0024750697846878927
0.9493533953014354
0.01648656302295417
0.9999946830895255
0.9252751951500507
0.2083396212243567
0.0005542908582332113
0.02642916380298001
0.17739577582439048
0.2160869402520485
0.9995514665563245
0.17682103712127922
0.005818478138145664
2.461970281852812e-05
9.484704578326956e-05
0.9668295492630117
7.526624391546112e-05
0.010171084618212757
0.11363779020907856
0.010335177584843406
0.41942616856326426
0.9998394990608227
0.9999980792109698
0.004040927639995385
0.9293268485345307
0.00024648877238180674
0.9995550066882773
0.981019743655814
0.011399516968827704
0.0017581455762517204
0.051648242337271964
0.00015454884346845265
0.0030077887426152
0.0015682117371166144
0.04739341103931715
0.018895277951355705
0.9977585896638947
0.9997929757097437
0.0011250332553355
0.999331008571511
0.0026669334485891674
0.9999988732373736
0.0011197199951016798
0.11111701429260128
0.966411971902713
0.9996370358777378
0.9985687649880121
0.005467706726354855
0.09867798103982164
0.9999999944664935
0.99887344474152
0.9998622166493524
0.9986848649759635
0.08492687560138051
0.9566400821613635
0.9919410509288388
0.9979446064600906
0.999999994923386
0.0023022814246379027
0.9997188831736126
0.9999750298586872
0.9831238882056895
0.9999986557921602
0.9998164391678652
0.000958396123756379
0.9999999472302287
0.8251080433098477
0.9989278352293967
0.000318469287940404
0.9933458277630001
0.9999844739849671
0.0019134430878799348
0.9937083333729393
9.570174408808613e-05
0.9918864772590446
0.00017435600644212794
0.9996209423925749
0.07290384053119692
0.9992199032592161
0.9999996541315178
0.014065871909343702
0.07521665867831225
0.004564817133318726
0.9999999046312089
0.22742362965566282
0.9997220124811117
0.9996733887858017
0.8318393158718438
0.9994880687678565
0.9999660860417646
0.9999767469193077
0.9996101203018132
0.9043454174229594
0.022583570199333162
0.9998647388696364
0.907637519921388
0.09998447365676968
0.9991489582941787
0.9960816532719521
0.006478608534803631
0.00032094427112167555
0.9999336385454473
0.4993297143011514
0.9999998121815525
0.9999274285305726
0.18339052220129018
0.00026369974911446994
0.0008868812900945514
0.017510095264196213
0.004498032722586817
0.0009344472317119422
0.00043640114699562856
0.9999999878948674
0.032458929566994234
4.2720348607009935e-05
0.9999999705730178
0.002737749390217584
0.9999996221569973
0.07455600865113948
0.0056781954059700835
0.0025301293273109317
0.04058400787793315
0.010104029644120507
0.9982271019979648
2.7904309829555786e-05
0.006313144772020984
0.18991513251568704
0.013665479204564757
0.17011608448618465
0.007234236667910257
0.9898943528591416
0.9999999216814902
0.01017401035157797
0.9999901904322426
0.16445017641399318
0.9923736082397314
0.9986988462241293
0.001037001874512896
0.9999903815832967
0.07402579899062514
0.9999996097540462
0.004161757476324505
0.9999790461317902
0.0005796626811379103
0.994605656150946
0.002694086874357341
0.4689604633331688
0.9874746972689368
0.00011823061710641859
0.41941221643119725
0.9999551479793699
0.003144629167067459
0.029462577097403915
0.9999237382694434
0.9999080704301382
0.998044224262793
0.21219520145675605
0.9999825449193365
0.9806100792162645
0.992329967608042
0.0034364815652390846
0.0017241834547479398
0.00022663473834818768
0.0008373588028693685
0.9997860655041907
0.7537895010105695
0.9993231296503855
0.9919092399860996
0.42517172570896544
0.002534788999840943
0.748411953282921
0.0013230068014625622
0.2411460323826421
0.13184784485729595
0.35182820956515143
0.9936313894412003
0.009817770244867623
0.9999678084616584
0.9870330923157048
0.043818419607204076
0.01739060332779784
0.9999281632496825
0.02184081588841305
0.20694528088084305
0.9599120404967029
0.0014581927617970645
0.00047883519921999656
0.017708504279460732
0.00026819561656154194
0.0018668863207011073
0.9999054163381368
0.9999999999987927
0.9999981162151211
0.9994244168204373
0.023661334270206613
0.010121306222530694
0.9969966106708693
0.999999995540243
0.9999964243032485
0.0017434342644951078
0.9958591703357667
0.0007110702315742314
0.0006029684509313993
0.2873343572865781
0.9998424607152699
0.9465051579187584
0.9999999981922232
0.009524833728137904
0.0034292443469603187
0.005153201453359167
0.0016149217664578614
0.00035879025839054393
0.5427363669991074
0.0001944023623437505
0.15625807406325162
0.015299251290081244
6.212476390391315e-05
0.9999999993894586
0.0006301508412830844
0.9988908399959152
0.9975376890623228
0.00020682128743956376
0.9898071617204093
5.9029970002726274e-05
0.261567502369089
0.9357019229913174
3.0385627052850102e-05
0.0012914322304424576
0.9630529162929988
0.0006008990345288779
0.9997311165451861
0.00016553727981728121
0.9999424789801736
0.0017555121180343294
0.0003654820534401224
0.4306546659828646
0.9999920447693759
0.9925231938472756
0.004954732579233417
0.9959775075931478
0.7110578098282327
0.012521080808737173
0.017665548398494327
0.9700128942483596
0.00011996943554062249
0.10632067562916948
0.8511036618978198
0.997347052772143
0.068211292386257
0.999996566254813
0.9999972297981523
0.001684921626127329
0.9948644774409086
0.986980662022183
0.007033428188212493
0.0003665241649489044
0.1193595415470774
0.030531439780811385
0.9999999999999898
0.011501314909217457
0.9516513834641607
0.011080191711859144
0.9999961908861085
0.0012741862795276886
0.00042120088628447354
0.0021581113847428807
0.9999297355208552
0.9994398644689664
0.9933884910080082
0.0031748159470246103
0.12812723565263326
0.008340068677728126
0.00046982805990264636
0.9984892399205234
0.00909502912930693
0.034415793658389544
0.9857064715845237
0.9861274613951319
0.002080927639804048
0.9968837221926682
0.008722393862868933
0.9664234939973253
0.9472310712687697
0.9996607112447073
0.0011570275188908818
0.0007895554282603601
0.9977952124885324
0.9247292484413012
0.026187696777895078
0.01480119766390134
0.026680508927635717
0.0005764030576825316
0.9970420454530189
0.9999999997754274
0.0049625513998774965
0.9999913956788535
0.9999760814808791
0.9995660690258915
0.00048067805364222473
0.21076454541992737
0.0070815271437274655
0.00965656394925816
9.226661359640555e-05
0.999129712384836
0.0027395103146122834
0.9999995146470351
0.9238331851502976
0.9993814977323947
0.021233756374986954
0.062273764604965365
6.1445885457247e-05
0.013076589630192556
0.9999264623640117
0.9981754796622163
0.0048566756233108955
0.9999977611736649
0.0021758014099217808
0.004003195082789944
0.03978283939065578
0.9304115809433273
0.9999972918891085
0.0017814613722726604
0.0028298420835300214
0.0006867684090499872
0.9997345230294036
0.9840053144961652
0.00022573395121168826
0.9999163041564205
0.9999992676335417
0.0007458970748009399
0.9999995537734564
0.9944823809281
0.007129336138654934
0.01653165606505231
0.008060517115150698
0.0023666419397175373
0.99999391214709
0.00041205240367985565
0.9988991586382558
0.0024473783214102843
0.004606757507394741
0.006313510772522999
0.9994331350911269
0.1895475352539049
0.052240924858388715
0.9830151446131549
0.9992282735923514
0.043532241560570555
0.9974086369206707
0.9939797288112161
0.9999999956295915
0.9999999999991849
0.005024936819238435
0.9999786118263522
0.0008360761085797594
0.0909470787096075
0.9279318103407287
0.7696321594221592
8.194854892600234e-06
3.0825230098555746e-05
0.9930170473894387
0.23541713291277888
0.03636325241052206
4.177660312435762e-06
0.03245776068490191
0.00043250342988480146
0.02357509876233676
0.9950667588221532
0.011354722939897964
0.9956069459525322
0.031180835575651246
0.9999951544995618
0.0006507929548812939
0.9891850094660238
0.021475340751822305
0.001057711686904222
0.9922143850935942
0.8764848270335335
0.07131579227201143
0.02584596303723653
0.9812505219834626
0.9990867042228705
0.9416209858700623
0.9999999995613282
0.9994763398337209
0.9923267696552704
0.9923212052673679
0.9990548088830283
0.0016955197506164283
0.44878411801241047
0.21021585966769296
0.9944861200932194
0.9998108501511555
0.011919651651761893
0.9979185320363285
0.9997878555428656
0.0037422959053199497
0.0010983180219662702
0.015183600044561398
0.33414152798783436
0.999991959784259
0.7280994285576696
0.0044991582551226015
0.9359342573430884
0.003750590757917382
0.6968532320891841
0.9387872677783591
0.002134728719278498
0.01361695898166529
0.001752097281370531
0.9832046819501749
0.9653262073351309
0.999878556471483
0.7900188123978645
0.1927990478851828
0.006014525936359131
0.9999999996486169
0.07831360678147956
0.9999180207804099
0.9980374778228076
0.000702223423064895
0.0002061338709387542
0.9953072790515346
0.010812664553860409
0.8492108597074602
0.9991611613303415
0.9999969038375159
0.026533910066672505
0.9999987216830174
0.9869335975225677
0.9968850359099091
0.0017155797577312513
0.9261574956369218
0.9999997622282405
0.9951839604372179
0.9949221399015606
0.5196680630542293
0.031202153900639292
0.8342350779218127
0.9999999264932516
0.9808483855343658
0.000886659135180825
0.9996382951028941
0.9995609922358706
0.0036382605142331564
0.999989020955734
0.7535308097485902
0.000215285613503862
0.006080892015627063
0.9999187550320972
0.007494380692563431
9.700312810987444e-05
0.0002440591196208362
0.07309313448874198
0.00031035286874928064
0.023689949125505646
0.2723106580537376
0.006826853095652807
0.0054655181832075385
0.00017399844676475296
0.9999871352718512
0.0003340833168479259
0.08703758928950346
0.9777690745604517
0.999907711759376
0.2501973619054067
0.02718327847858812
0.003044612255305652
0.01719677195885938
0.005829594867557698
0.9748514322705625
0.9990761521294794
0.000558016707907218
0.002327506700348945
0.9954923183113379
0.9999999308653794
0.9986695556625443
0.9999914708513474
0.9997653310494595
0.9967363259073152
0.9999955405967673
0.954428499851352
0.03191630146655883
0.998328622190717
0.007031867548337056
0.99995134096762
0.4851103407662239
0.997893751071285
0.9992347430824429
0.23060673338527374
0.999735474998951
0.9999643171844139
0.1523892483729042
0.0056074013681041675
0.0020920901749522393
0.08655099716936536
0.0018393479224686397
0.03424429268306955
0.0003602159484066064
0.034993685933807146
0.9984780338893897
0.010708060127188382
0.12360378223658698
0.9999237246115367
0.04618034843794557
0.010908233793069436
0.9999997317706903
0.0004353921812413691
0.9817102300143519
0.999917370948866
0.9999998289846149
0.9999881788579057
0.9998034278503262
0.9999996608840109
0.9975729854892386
0.0020174862319876953
0.9999995842384234
7.132186171351005e-05
0.9658920258373
0.9894752000998898
0.9988428917397898
0.9999870048563556
0.0004148285568129365
0.00249851157880073
3.0146955531164703e-05
0.00145394050094143
0.01038226470520088
0.9949259107910211
0.9999381753744331
0.995870938081974
0.9999976338833433
0.9999991637351601
0.0034713046585513633
0.0006760277964056903
0.9798125229030642
0.9999999694886026
0.9954412890311362
0.4759337680209166
0.00047335723850480205
0.9894544967475678
0.9999737615026911
0.9999990768526419
0.9952589039983847
0.05841757016373959
0.01600458513410366
0.9971066181012934
0.0021534354663077177
0.07795401047646174
0.3574460324563641
0.9569777007450277
0.26294001959759966
0.9992298365195105
0.99999940167594
0.1139774120126451
0.9992661574605417
0.999981367465697
0.006941294996143319
0.03528694094320287
0.9423358548984077
0.8183676141474313
0.999999466086684
0.002052485106596712
0.005442286663895653
0.9534866446921185
0.9494991378959029
0.0034787696333146707
0.102332963107727
0.9992449066620186
0.012761270900683063
0.9999999999999882
0.9999989220765155
0.999998854816539
0.988300260217471
0.999718373488702
0.09528015484961316
0.016698803403777794
0.03386981260956573
0.00021971439518038503
0.9778234805629626
3.774405362957706e-05
0.0009794899117356241
0.921142336166838
0.37340505080647335
0.9978444995340291
0.9999956039679405
0.9999999993345001
0.999943976595168
0.04241419635232621
0.6207300301275315
0.004288489114742929
0.9999998604979504
0.9982842241213389
0.9860227189543537
0.9999992199901335
0.9999979264402867
0.9866893255073579
0.0002236976842018034
0.004212885879384015
0.9999238837315307
0.0014730138385571723
0.015585635217866189
0.3956979235826033
0.026167259884713544
0.6289903737294662
0.06115636825789926
0.9999997182945396
0.9999780426120248
0.9991457329777639
5.749398767964968e-05
0.9971436229624048
0.25390452906278643
0.08920624681602395
0.9945126492829228
0.9891529349435917
0.00039861896442102747
0.04903469812738879
0.9963788507540048
0.999943243545649
0.1251570229819143
0.9915510855643562
0.9991305530785017
0.9999827949019957
0.9999995557315449
0.6240081106379498
0.9992533222916531
0.00031456267022369274
0.8535756844210712
0.9999356421283995
0.9999218071550685
0.9992395112745683
0.9998953013383899
3.7519540752868696e-05
0.0003951406400604236
0.9553302476143692
0.011512513050626914
0.9999948886810421
0.9999999080146187
0.9937381755630853
0.2814161595785158
0.9951274600202575
0.9977714951489711
0.010337025697197138
0.09313373557234633
0.0005808853437925749
0.0020886936341851883
0.0004908088737819768
0.8484925050728227
0.9982822194816905
0.9999993638818633
0.02883443310015543
0.00035113627131161835
5.753850025596771e-05
0.9975114214396286
0.1326033423724262
0.8140771961684169
0.9999851076392017
0.0003460039454774643
0.999999804837021
0.40715880647087505
0.0014676332721737025
0.9958099342566248
0.9999995071994768
0.9999999538830749
0.0031632769647277925
0.005079651129893837
0.0011721641440903868
0.9995047712107709
0.007092733924111758
0.008308460695130004
0.000668043185798689
0.9996567850547294
0.000861251199068093
0.9845359369417219
0.9993264819249483
0.0018890483385083038
4.46759931948511e-05
0.9991714737931074
1.3739432247451585e-05
0.992275120570269
0.04185929835847865
0.9980271862080606
0.9992056426620239
0.9999927498246733
0.002134342741634852
0.12683936103758492
0.9999483572882162
0.9968798468411864
0.9999537272699667
0.9999576548939869
0.9997814714918172
0.00828706545564652
0.9999999547357941
0.9993921881318294
0.9998785140386148
0.7738020516682238
0.003200992216557222
0.0012991052918976335
0.023314319638625305
0.007791767482685687
0.0029698355778716985
0.0021439952529584924
6.0995272700989904e-05
0.17548742606501025
0.004613148439903735
0.9999925336578931
0.0018524165463421926
0.00019709425584271795
0.00284142740073642
0.9990991839742356
0.2243804750111787
0.18391861978100765
0.008922005221345942
0.9943529720320318
0.9999590778928295
0.001179810615736625
0.9610464413644935
0.02506691848733734
0.9998920805992267
0.9964649592386223
0.9999999705419171
0.4141878611913374
0.9990876406851122
0.9999844075475111
0.0010575316233193564
0.15296954640728383
0.004983066552122534
0.029224088224940006
0.9921303602813899
0.9999984138406447
0.8132839030936417
0.01454964326719442
0.9996675994390529
0.9983884401940412
0.9994301450965349
0.07063933898767581
0.004637646043346622
0.0013796854338985534
0.003327363336587116
0.9998706394400563
0.9999968587392308
0.9915384558738088
0.9970964731716659
0.00010451556240251559
0.9999981502797564
0.00757786810252525
0.012534018204326815
0.8695260172131838
0.9999999221481516
0.9952842614259323
0.9982820001147354
0.6967862718037169
0.01800763921001617
7.153236618789524e-05
0.8962049218940819
0.00047238854880442683
0.9928758326862044
0.1060613247098549
0.9749080002574366
0.9999964607237107
0.0010019664466170775
0.0063352037858931615
0.004065208667884555
0.00016395756241880774
0.868612419828855
0.046790799855663485
0.9999997254659837
0.005973391427743486
0.004770614346449931
0.001272873745291083
0.0016643681178882823
0.8479864075992366
0.004293141743325951
0.009883552641397574
0.9999956645905714
0.9999999999986839
0.0002843628605769767
0.9896232895660902
0.9996087221919472
0.9999737829617887
0.46724620452649285
0.999994081925078
0.9999983013325373
0.00040269901040299846
0.004748382882660708
0.9965030834395693
0.0007931561215291779
0.9994048283562369
0.9999143084024471
0.0022579923935266474
0.0008886335269184188
0.9999999999314411
0.0006162998239801935
0.0007645706968394141
0.9999454257533342
0.0034487851583994765
0.9991522167975101
9.699478320986429e-05
0.9733871332532339
0.7161681174817845
0.536836813524593
0.9999999955378627
0.9925151332877358
0.00469059735725547
0.998706065317007
0.9917326989357412
0.00022128974658315343
0.9976614561568142
0.9970598904113892
0.9936383286183768
0.9993361197315795
0.011445870591053859
0.8912176036490176
0.00041755572793987565
0.00786806019924409
0.054063223680623745
0.9995574522820744
0.00950656781213127
0.007252560434207794
0.011498749039851647
0.9409223244150485
0.9999999880914515
0.9967825512452604
0.9997228560349647
0.9913619714019137
0.0036444677540744676
0.0038387661883803837
0.8569317648922066
0.00013453121203477734
0.6937275253502658
0.9883768053315578
0.3105822067590006
0.004891125581294954
0.9996917057553169
0.9999911695293517
0.0017994973944684227
0.9987718519370552
0.9999999999976987
0.999586190066162
0.00030146262098209225
0.9999266009584787
0.996371362180547
0.9999138590134629
0.0008205738205631261
0.24064750637454202
0.9962826780257935
0.008670856231568711
0.9997363900926212
0.00040252882104059226
0.9948164255944266
0.9958720950468734
0.992697631442836
0.9999864730358228
0.2869779808458671
0.9976640361539344
0.8612747217183712
0.0011991824700806986
0.9998877462649224
0.9992384718824637
0.9663985710695115
0.9999379441612214
0.007497681051057465
0.9985354508928086
0.003372648502010625
0.9999994781019567
0.18809216223328337
0.5823205146652958
0.9687617635270352
0.9568233934881955
1.5281253398838759e-06
0.002300359171277324
0.005009201418976034
0.005699603939652827
0.02097710992402578
0.0003110819163113481
0.00026496505099619444
0.0033230259628286405
0.004010748930427388
0.8056657936457425
0.9986782544673033
0.8488494885478924
0.0023598060568600253
0.9997173023136925
0.001614157059754924
0.9991209167478303
0.027614683440465925
0.9999976291178607
0.5842176852935799
0.9999994724417415
0.8740170087727528
0.9887630017142148
0.9999966169674196
0.0006493864158453367
0.10255350774598454
0.40076309366320106
0.9278480292007384
0.1712938590891459
0.6170176712771318
0.20797214806683262
0.00033888736055307645
0.0013693946239399836
0.0008215814175790412
4.1525253839660545e-06
0.9999533274011365
0.00013236591065984642
0.013881084301341967
0.0023393176822537882
0.9865140105512056
0.9609000698491726
0.010313018293877738
0.9999998367019176
0.8784368215643527
0.9999993856181322
0.005711602567943497
0.03381433138569803
0.0007693518517014347
0.9901066311215315
0.13287039563380668
0.9991997821543966
0.9568375010470707
0.9942821226166514
0.20347688841697442
0.01442619704061851
0.0032964840144345466
0.0010070674892171732
0.00027118138219859965
0.9731176500031521
0.001116115964808915
0.997922335559061
0.007529997183973173
0.9410329060240565
0.11091985887829754
0.9999998660827261
0.0035196944491742584
0.032928652992516516
0.0020483290509246896
0.9999250117397354
0.17164392254120156
0.0004722700557939901
0.6581442311845586
0.005304722553626817
0.9519135494081805
0.9885137238724276
0.999966741075093
0.006199572817465776
0.9977275193553553
0.00033024846955065763
0.0004930035062455677
0.9999810153029308
0.030952598983839626
0.00027455569802654575
0.9991740395429568
5.225309575861826e-05
0.9848706825933699
8.058230780580065e-05
0.9995496400093081
0.0010688092717166609
0.9999999139656514
0.029012630113881662
0.10602756384949698
0.9967844644707868
0.0005338067594450241
0.9997445187503973
0.0031708639857684407
0.00017849825574398057
0.9985146464705242
0.003917151984100084
0.0006502039183279096
0.99999997523721
0.016110864105570975
0.07426175782854537
0.08523294420074307
0.0011994483066755691
0.9989606708408437
0.9998014821711482
0.6021937580170026
0.11883498245610732
0.0014493144772491635
0.001085050784154916
0.00010987888612258264
0.9998841520570707
0.9999213292959026
0.9999341904018444
0.9996332067336605
0.9999981883976393
0.009303087334644902
0.9999969996753469
0.9999785599992742
0.22244982762708715
0.9999999905528779
0.9979881231386761
0.5711025535613903
0.9990839221690662
0.016205514036787223
0.028477583570369325
0.9999999972057712
0.019674934481962284
0.881990938015953
0.9999704871000679
0.9794012877583965
3.172644556119823e-05
0.0073486885451340715
0.9999127159431932
0.0008285739481290272
0.9999999999998774
0.005710666062148421
0.9674231738220701
0.0014452582096319616
0.9988934680687168
0.9999893621170209
0.9946071789663619
0.04620032109623723
0.999999998329822
0.04523593352331208
0.0013685564454361356
0.9284518239423265
0.00012840832240344343
0.9999999998877673
0.02340124759887724
0.0008275596530753796
0.9999024878769013
0.9553679450978381
0.9999147630519857
0.003514155567502852
0.00039290694881374724
0.5454540878597957
0.9946391309554338
0.9965869418852926
0.00035669140433656045
0.001476652647499469
0.9879924960322438
0.9999968353145451
0.99999949868138
0.0007818240088482678
0.32846883179868663
0.9991455897563287
0.9999985678113837
0.9997637924276586
0.9984386843790628
0.0041690652609119
0.7854266680800019
0.9847170417054358
0.01612799516429492
0.001937209974803971
0.004891729800129473
0.9999895151743481
0.996904886408875
0.04095329060132114
0.0013910449779222212
0.0002848780305656269
0.00484423543529745
0.10484656155759792
0.9999999999946252
0.9999999714158042
0.9992669713107244
0.045118258280474575
0.9999530134379151
0.9999796008248346
0.006617095684703743
0.007466726698150768
0.9999938283970291
0.9998120631542338
0.5516600404983344
0.00011962688909334431
0.9997420499566853
0.8935801207737988
0.006053569194113284
0.9912476517022533
0.9999359487036835
0.9991307759106136
0.9665838604929994
0.9999999980427747
0.9998807069503676
0.9995354373582573
0.999970982434536
0.9999929565732847
0.034172182977633296
0.9999667046403669
0.9977114045588789
0.10804803870926842
0.0006188142426576984
0.98362889394323
0.024536208210231503
0.5167414477029064
0.9996481586566971
0.0008321236524149218
0.016823038637882395
0.9982092541048185
0.9998437332799316
0.059594024744549064
0.9274975530286589
0.8543410516402087
0.9711601712983777
0.7574271322518832
0.9863665635912305
0.9999068264033243
0.002488561445120978
0.9997431513706914
0.009233529152027877
0.0019774448234394855
0.003917922195715708
0.010959331867383288
0.9999999743690582
0.004539702107898707
0.00034449212310304144
0.9956280454568401
0.056131711353051915
0.9986636607360622
0.9999841557779295
0.02860520571155632
0.9999227574239057
0.9533572332016744
0.0007802372504135224
0.9996933359534413
0.02675337104937957
0.022608971785984127
0.9999891875418316
0.9999806697585044
0.0008208483796466581
0.9005270813755826
0.0071772878889672645
0.004401048800299707
0.01675437558214269
0.3403616463730249
0.9987318586748645
0.9999990817937039
0.0005759114089419792
0.9999732119848147
0.008466001926742144
0.00026400469264478157
0.003200616644446297
0.9999999999878226
0.01491962134052331
0.9999824410635033
0.03070062004512049
0.0007102956187688899
0.004200390524402446
0.9552552068630886
0.9999977799542915
0.9995574540314134
0.9777399106452558
0.9999999994227613
0.024828730347782192
0.999999873475041
0.0005961873860955925
0.021881565805955995
0.0012055482144406797
0.0864975601900306
0.9993561889481961
0.9833612609126738
0.011214257278821103
0.01729331413953592
0.0010774319881943697
0.999986061934081
0.13780345582326142
0.999727572436282
0.012211029861352822
0.0011272431958824773
0.0008319896188511891
0.9999887051133314
0.9998790237343691
0.0569254707710834
0.9999939009811023
0.021873089437824428
0.34436360157973644
0.6517324129143988
0.6056886044158152
0.00019673387317724794
0.9999996999493285
0.9973696479638999
0.8590469346068204
0.15273900818200517
0.004637552762657797
0.05123686572283506
0.9999172231010913
0.008203307978464103
0.9969698742097669
0.16724385132722006
0.9998663030295143
0.9784621055419764
0.12404020963545895
0.9999963154932974
0.0004533652612285175
0.9999533381047397
0.9995182436234545
0.0010094915901681268
0.055744416895687814
0.9996450393661198
0.003065088187361076
0.00010534314494863324
0.015976395990987345
0.0011689515271232302
0.00018686446886065808
0.001448919438588597
0.27757899818042386
0.006991683344760222
0.9928500013646294
0.09935435214135126
1.4688761277716502e-05
0.009081507108949618
0.9999671315306287
0.9309663063353907
0.9849736047801243
0.9989804149417852
0.0018100038601665412
0.0026422170797478065
0.9906791388751248
0.0012328796114552015
0.991120156244097
0.9429463377343247
0.011255868888398779
0.015237970947868527
0.9965999711824807
0.9853730927870323
0.9879182542888993
0.9999974747862408
0.9999292653327879
0.9999304663405897
0.031096407398106662
0.9996329941815458
0.009382276145851229
0.8412771641265075
0.9917629022836465
0.00016294813008254516
0.9861049970102673
0.0012256071611554669
0.9999830750885017
0.006119704532808399
0.006809091082577451
0.9297193002305254
0.9999180771439744
0.0023411923837171693
0.9991849876114641
0.9996071032986468
0.000658320177526172
0.001217524875864452
0.9957409121163535
0.7379181635344827
0.9992072553909845
0.967924084492999
0.9999999814049799
0.8253662615820847
0.00019799958358397796
0.9987909006819773
0.0010899638354815479
0.9999044425739844
0.9263102508150431
0.9996755239439598
0.0005875433971522105
0.019792245682929782
0.0019441290134812276
0.9931334853290352
0.9880722790801854
0.9377022738197633
0.996193342813682
0.006634956733642753
0.9999999999998861
0.9717224733709251
0.0004757601910207489
0.9999927270650838
0.001302779057540164
0.0013765706891291207
0.9412976853331413
0.999869029768727
0.999998157453618
0.01451323061205762
0.9980230990053948
0.020061835208584997
0.0004408682266171227
0.990694288038316
0.9999999557537977
0.9807635055354889
0.2555405587306648
0.6939254929888543
0.9858735656117906
0.9718385657396447
0.0006616147180989741
0.9999999839806666
0.07160382804714292
0.00973115400426121
0.0004164809400899378
0.0031578628242170032
0.0755947608032168
0.9999331073874101
0.9999280849668063
0.9999961748387937
0.9999987680570968
0.9982970778354385
0.002952158318826689
0.9729571178568278
0.007753083099327559
0.005361251458972583
0.0011692420922286189
0.0010796056720885703
0.00015037575708744288
0.9886033095423459
0.04794659621073242
0.8366796450896363
0.9633084854560096
0.9999126407622784
0.0019097593183165396
0.003330100953217659
0.00014963127895368082
0.9999998503491456
0.0009041001471192522
0.000897727854769677
0.05686519923408724
0.003623282682008772
0.9999989059245342
0.9983019856418985
0.9940344630227684
0.016575544099159432
0.006441335052580809
0.02637522920784107
0.07972657129182771
0.00033710633860770166
0.001677697004402029
0.9999994843473735
0.0002171133292875494
0.0205757993663065
0.9998517522881427
0.005456838445378728
0.8923396103005528
0.9829283297206134
0.00031806579731598767
0.9999873100624583
0.009981926034771141
0.23974176233555752
0.0014333210549274896
0.0031339041056763087
0.9696806197313345
0.0002365314245592868
0.0019720565203441846
0.9592365466923268
0.008271486839941668
0.9999876238118584
0.01784784893013066
0.0003940277404938032
0.9998696694450557
0.01779086635196867
0.0031346709180875556
2.8630295347362956e-05
0.999958144511712
0.9999998829213158
0.0401419619381907
0.1490133952191877
0.9999993368789882
4.9208055184331016e-05
0.017711804209172982
0.9997783011988731
0.00012892252658363624
0.9642941896121232
0.014026712258887977
0.9999999996598854
0.9999032835445182
0.30718329434369057
0.00020033160391280853
0.003192994370003773
0.7842154419416069
0.9999890711463721
0.0035267897670872637
0.05681383126857401
0.9976679557689421
0.0047763989725964524
0.00011706629739282095
0.9927919923679489
0.00303973649011173
0.1027795939382924
0.9999979719281603
0.03495633771650147
0.06936929007568568
0.4669644043350797
0.8228951890526921
0.004511883022151011
0.0006230432023299445
0.01679323012202974
0.005858326537066867
0.0006209969937808231
0.00527436155867113
0.003216570976657149
0.010183108061639917
0.004450586881820297
0.021009739514046354
0.9999999766573581
0.030926255766742062
0.019786044411591864
0.002839378276340333
0.003328294439817194
0.00015278589125655498
0.01910905022632039
0.03160262321384138
0.9461248389912101
0.9955027645254715
0.0014947590092594905
0.00023245730349410099
0.9999879832288372
0.9991201853589798
0.349643258475045
0.9999912091231393
0.6077640798158357
0.0219347078518881
0.03529703467811545
0.009561878897945806
0.9910788977879468
5.9201185691565454e-06
5.723678570755358e-05
0.004763621083875627
0.0970888914672441
0.004938512713140795
0.9988260538220188
0.0003565116104582984
0.08430687412428559
0.07442795077983295
0.9775031718540542
0.00736050578599632
0.6512720560008112
0.00033628504609620267
0.9976277850422329
0.9322234176313094
0.0008107535560002777
0.04335126333976329
0.9990033095275922
0.999999999990095
0.1621408079083116
0.021830036164460408
0.3408180279921139
0.783503334767113
0.9257960714700817
0.9997329999339954
0.0008312797572985794
0.9999892089763754
0.111274936617571
0.0009483225837557227
0.38202395996695604
0.29369646719908704
0.9999999399761093
0.007175335275223723
0.9514187910869613
0.014563277289743475
0.9999982969551096
0.00107274152632786
0.9988435699067271
0.9995806973340222
0.010782293071891188
0.00012991214156350052
0.9735540092268667
0.9916794877860544
0.999639707214273
0.0013492024841388964
0.1269394575751991
0.0001702326054072419
0.999999989915015
0.9999999302269158
0.9980287245816495
0.003685419479618177
0.9816398772763858
0.0041470061135054715
0.9998055809605859
0.9984160782376456
0.9545945294556023
0.5665056628994217
7.898331153316472e-05
0.0006266547571652106
0.9998362514179325
0.9988565341086162
0.7172907141886377
0.9999885635367444
0.9961413912006275
0.05096476924474158
0.5477637387820881
0.999632235340035
0.9998409885188025
0.9189865997963672
0.9999999851028172
0.1391428674742426
0.9999882994147801
0.6289817606710274
9.557089016170663e-05
0.9997032045174704
0.0006534323353852277
0.0004985377196820429
0.0019610239664825057
0.0004576033935454211
0.005082837392626113
0.999999988991611
0.9899687891113834
0.03749730843050789
2.678597259292269e-05
0.9842759613530585
0.060520096082103715
0.0011097385984961735
0.7600909937208167
0.9903150845919191
0.021713602530348253
0.00010320146653845497
0.999996227982509
0.9989329308950865
0.9787549427000166
0.6070048144308855
0.0041736980511806
0.9993404853784437
0.009661866312951373
0.0174691547856863
0.03949759312631225
0.9971196802446397
0.04012624453155906
0.008347221037406247
0.9145479483598205
0.03365410375581476
0.0017001702641928223
0.995860440485855
0.9997480184824457
0.9890668200752191
0.01605291648931954
0.602170199760372
0.00016838481462727093
0.999646582835005
0.9999965928062008
0.010297850418637025
0.02053618903206349
0.9991372715167721
0.007505825957533126
0.07204379777572568
0.0012365951218988346
0.09730205063917018
0.9393967259867217
0.9997412122502369
0.9999216071032399
0.9999193034723276
0.9952888023539769
0.002566134066172534
0.0014429692412402798
0.9999845420920723
0.0007079100671599576
0.006950719251004779
0.9955240612500772
0.9999994525063136
0.0010009279046258508
0.0003911965596168461
0.0028748593541317786
0.999949735386609
0.0012856978268324193
0.0005273206544183596
0.0008506031423578667
0.9986139520795254
0.006146541109541086
0.9928851848868302
0.9952437592741287
0.0009283836230501212
0.0042612171890548025
0.999999968481157
0.9999999999999998
0.9996251679090974
0.0013100231083485957
0.9999477340315654
0.9994075185343617
0.0003927688856120703
0.0032759602030871093
0.008235498483118183
0.9999998635823588
0.026677976912273582
0.9999999996063447
0.996913207452738
0.999982159616664
0.9999963243136702
0.7056045820143497
0.0001116926688545269
0.6452452530142362
0.0716984048710629
0.9999661075276118
0.0019604303992576603
0.005831072120471675
0.0018512191139674252
0.9964054102103356
0.9999175685669053
0.999999990145568
0.0002979886373030787
0.9827185274252134
0.002753853815154813
0.018530520576124455
0.07329676536505113
7.467508546543365e-05
0.0007347453017488477
0.9612026685568957
0.015455944670061752
0.9317819651781031
0.9991451723809504
0.9999507952022124
0.003700757930928505
0.9167236036726493
0.9600737923314596
0.00020081634217208264
0.009810431079493625
0.19435850122866696
0.9995188840854484
0.9980303352178821
0.9484056709281481
0.9999884351745426
0.035516226941433415
0.08418890463898066
0.0003387726554314025
0.9998561446949571
0.000938905615974265
0.9999999508581334
0.9999999999941891
0.9949611509946169
0.9786011853199935
0.007237647366804946
0.9961846799436297
0.8012768244782207
0.9619465601620857
0.0015284660409522657
0.0007517224266948808
0.9891478825365342
0.003955593868198538
0.015296856015442135
0.13529617348658277
0.8675918708956016
0.003667053085952622
0.009751789801118975
0.9894086773057503
0.012818409629017589
0.9999934572222553
0.9995666134325584
0.9980396215540527
0.0006028172798973589
0.0013166082503511232
0.0012602344030928356
0.9207122845547409
0.9992719872960181
0.0062868031886478435
0.9999991396049219
0.0007140971175324355
0.9990172424213323
0.9998801742405604
0.9919097427377207
0.0622940946887338
0.0021601760058076696
0.0012030119201080615
0.9993560250660087
0.0002592470897024805
0.0122076465466094
0.00013084360291974097
0.003235038118085479
0.9998644767601078
0.0006644420158313568
0.0006846221265971515
0.005762221352085098
0.007799336218189519
0.9952489145623324
0.9999999989505972
0.00016454675699080663
0.9999463592457205
0.998599349095661
0.9999707805616463
0.0006511846501501861
0.0040603971449668114
0.990246798233822
0.9995367749596845
0.9970900242728195
0.999992641067873
0.9999957636665554
0.6762675532157266
0.020371029571547128
0.9974277538322225
0.026946644774569293
0.0002391402612276152
0.00018749981313148878
0.0004483604893070062
0.0028099474110246684
0.010838647673883537
0.02892508486455947
0.0005164268895678653
0.9984897863384072
0.02088242387921993
0.9999568460454996
0.9999999999998219
0.999997987579567
0.001990050971488061
9.795659780307176e-05
0.9999991876684282
0.9999032828943717
0.9999951129786402
0.999995632821546
0.9574235579868866
0.0014673402077530573
0.7216172781003746
0.019317200987180833
0.9999999997582616
0.09073900176635134
3.991980610182601e-05
0.014674461988078653
0.9997679808893705
0.0003297096497716529
0.9915853081908448
0.9999798932131718
0.9995029504439946
0.9866435808260223
0.9801044180621864
0.9999998307931097
0.9959004024626844
0.44139322248977086
8.260999946525849e-05
0.15006187436381335
0.0005345731622279327
0.9982580218354183
0.999998389427958
0.9961429862099339
0.00506433788639025
0.0004959985303897958
0.12471702880666613
0.1912390979615749
0.008889074292620838
0.022043089875450436
0.023674174255767927
0.9871576367761544
0.9949984796742014
0.976731423318783
0.999965776784333
0.8047306697415216
0.999987150162673
0.9999049243005149
0.9999997023128975
7.846163061293408e-07
0.023890440385420524
0.00012778837888497699
0.014316139890742107
0.9996375544445611
0.893653825863745
0.9999999609615884
0.0015357701518656744
0.0017894191314103483
0.00016601719852561472
0.025260609239353863
0.00012672183266238606
0.9942251512098178
0.0008998095602052884
0.9751667267943179
0.0015283169334684402
0.00051429434037349
0.9998144190955655
0.005358315961916724
0.03000636323414628
0.9999152278705753
0.998086573829049
0.0007693937893006545
0.999700313507489
0.010672365615605002
8.319068873005717e-05
0.8409173340770539
0.9978739029422928
0.0018531946985212574
0.013073274142879891
0.003075514395703841
0.9999755896041138
0.37437865917469076
0.001729066184184731
0.0018522899440211167
0.9999100963333798
0.0004240696113164464
0.9986637630639793
0.021730827157316716
0.001333864372232583
0.9999816310027432
0.999774794292793
0.9995293510171738
0.9549512704735041
0.00589866970083955
0.00028208492418165904
0.057462203639308845
0.999999999255049
0.9995261001002137
0.00038361489485063446
0.6568950204211541
0.0267053032077902
0.004851992413363183
0.9999816521658569
0.3899685155055189
0.9999888351278551
0.0010475510461911595
0.9654244210186292
0.9967738107439215
0.2412603555220223
0.030611600578541148
0.9847090590505232
0.7144946754662824
0.0185434111105982
0.00011415047663971508
0.9999999992708388
0.9999934287093184
0.986990610864099
2.430641196097977e-05
0.9999724087288775
0.2146396645299782
0.052002354562934554
0.8724983278354523
0.9995620280676237
0.9705026133969543
9.155833657195159e-05
0.9998316165690775
0.8953249915580437
0.0008950143393832446
0.9999999889378955
0.9999999999999911
0.011037979692939126
0.7975050072945636
0.00027059123125570543
0.9824805350176773
0.9999998813390155
0.007814417738912241
0.9999362264009326
0.9999985866847598
0.9991575334915416
0.4228303091672492
0.9830876753354048
0.9999967485540631
0.0010029047988023233
0.2414793044490942
0.999972976247733
0.021159466820260358
0.8206327486200156
0.1084487572472437
0.0013483901263453084
8.358112615118681e-05
0.0011451870394885567
0.003614343492927012
0.9711499019857304
0.9984517332742785
0.9716161723340355
0.9999919057647255
0.0006014692897826116
0.10707133785096455
0.01960900090499773
0.016063154342544503
0.9999999699876647
0.9999877748539054
0.999998790424349
0.00019330501632870665
0.013695182536992612
0.9999999860646789
0.9952800061033813
0.9999998736204956
0.8719443530775947
0.8774340821343813
0.9990322689116408
0.0026694653329491884
0.5151278067205682
0.007905322585401822
0.9999999998227471
0.9770585911728444
0.9947449712766796
0.04063253642265498
0.9995980655833387
0.0026612983975721404
0.9999999782863871
0.014288809325351148
0.9959776455967972
0.999569731913779
0.07552710449969789
0.9941949461223583
0.07770737522830125
0.867512126257771
0.0006963108339935419
0.023326628847961054
0.9999995935372883
0.0014091404519713982
0.02585154036807141
0.00016963599704002095
0.04447441138352141
0.999844563853794
0.0015309130548731154
0.9999960573949853
0.000497444005456074
0.9999843790709992
0.9999658685802119
0.9973275832377664
0.022420238933316513
0.025454035256457317
0.006108176713633541
0.9996561321833038
0.999965855898267
0.9999736169248608
0.9999960761380877
0.9999813628385034
0.9999913916611191
0.9999979917505925
0.0006538882924008105
0.9974888170700374
0.0005128904107162147
0.9999957985506452
0.05981483221708988
4.57382970763376e-05
0.05314717750708232
0.9970356253659705
0.001991350214946933
0.2471315180763569
0.999751965231012
0.9999998473226215
0.4356877811305173
0.0003263878955235709
0.9998869507124105
0.9974047950132517
0.001457221762377822
0.0005712794923502243
0.022885440261864513
0.004597623473472926
0.9999997709989157
0.9999952813221394
0.6859396314730726
0.9737157230122304
0.0007809637987708702
0.01669279205496425
3.980356901609587e-05
0.9987731191682605
0.9999979136078964
0.0009834912174977789
0.007188134740641907
0.9999964655526136
0.0150199581919541
0.0006813694420530451
0.004871115837059062
0.24987607247543298
0.02964750932270802
0.003074599319538382
0.005001835039014061
0.9999952390557857
0.9966424202226929
0.0006965729540091217
0.0002626231771790479
0.04706887072351448
0.999999191500708
0.0020769077836525415
0.12835594976422804
0.9999998380709609
0.9999678333966222
0.9999999983304699
0.9943070567966601
0.05463855902656701
0.9999106404002366
0.000592422523009795
0.9998833849511751
0.005974067192096544
0.9979427837597175
0.942012789992834
0.0008398685523643683
0.0013045977085316624
0.9900483924820461
0.9999916925486563
0.04361359588257331
0.9697621504207888
0.9927470724485217
0.0005847916004651778
0.002603525836458556
0.9999912587522289
0.9999999358492729
0.001232311788963906
0.35045841873218336
0.007068686687879851
0.12642531678164465
0.0026459700607401803
0.997965210884197
0.0008942629651098748
0.7411070945275119
0.0037064909815676924
0.9996224773149051
0.005882679932667583
0.00017620230041220716
0.49507864309383975
5.143447785188591e-05
0.43340466089524776
0.999890648594024
0.16667148108526017
0.34276247118774783
0.9999847074123703
0.9784111439595017
0.0026814545991286783
0.8990896807483517
0.0020707974277726685
0.012387904141204498
0.00035538201537942056
0.9988534844475764
0.009635832675786372
0.006409137294116252
0.9978421736743746
0.03422028737575639
0.0005469593469952678
0.00016834918363136818
0.001213781606430096
0.9963735234128652
0.9999999387319278
0.0043642564744581095
0.2878672276633263
0.9999953139038866
1.0
0.10981871041348275
0.017452809889155433
0.9982134829691999
0.00011579040379779327
0.9735085238405069
0.18895551569074256
0.9973953784760017
0.0024750697846878927
0.9493533953014354
0.01648656302295417
0.9999946830895255
0.9252751951500507
0.2083396212243567
0.0005542908582332113
0.02642916380298001
0.17739577582439048
0.2160869402520485
0.9995514665563245
0.17682103712127922
0.005818478138145664
2.461970281852812e-05
9.484704578326956e-05
0.9668295492630117
7.526624391546112e-05
0.010171084618212757
0.11363779020907856
0.010335177584843406
0.41942616856326426
0.9998394990608227
0.9999980792109698
0.004040927639995385
0.9293268485345307
0.00024648877238180674
0.9995550066882773
0.981019743655814
0.011399516968827704
0.0017581455762517204
0.051648242337271964
0.00015454884346845265
0.0030077887426152
0.0015682117371166144
0.04739341103931715
0.018895277951355705
0.9977585896638947
0.9997929757097437
0.0011250332553355
0.999331008571511
0.0026669334485891674
0.9999988732373736
0.0011197199951016798
0.11111701429260128
0.966411971902713
0.9996370358777378
0.9985687649880121
0.005467706726354855
0.09867798103982164
0.9999999944664935
0.99887344474152
0.9998622166493524
0.9986848649759635
0.08492687560138051
0.9566400821613635
0.9919410509288388
0.9979446064600906
0.999999994923386
0.0023022814246379027
0.9997188831736126
0.9999750298586872
0.9831238882056895
0.9999986557921602
0.9998164391678652
0.000958396123756379
0.9999999472302287
0.8251080433098477
0.9989278352293967
0.000318469287940404
0.9933458277630001
0.9999844739849671
0.0019134430878799348
0.9937083333729393
9.570174408808613e-05
0.9918864772590446
0.00017435600644212794
0.9996209423925749
0.07290384053119692
0.9992199032592161
0.9999996541315178
0.014065871909343702
0.07521665867831225
0.004564817133318726
0.9999999046312089
0.22742362965566282
0.9997220124811117
0.9996733887858017
0.8318393158718438
0.9994880687678565
0.9999660860417646
0.9999767469193077
0.9996101203018132
0.9043454174229594
0.022583570199333162
0.9998647388696364
0.907637519921388
0.09998447365676968
0.9991489582941787
0.9960816532719521
0.006478608534803631
0.00032094427112167555
0.9999336385454473
0.4993297143011514
0.9999998121815525
0.9999274285305726
0.18339052220129018
0.00026369974911446994
0.0008868812900945514
0.017510095264196213
0.004498032722586817
0.0009344472317119422
0.00043640114699562856
0.9999999878948674
0.032458929566994234
4.2720348607009935e-05
0.9999999705730178
0.002737749390217584
0.9999996221569973
0.07455600865113948
0.0056781954059700835
0.0025301293273109317
0.04058400787793315
0.010104029644120507
0.9982271019979648
2.7904309829555786e-05
0.006313144772020984
0.18991513251568704
0.013665479204564757
0.17011608448618465
0.007234236667910257
0.9898943528591416
0.9999999216814902
0.01017401035157797
0.9999901904322426
0.16445017641399318
0.9923736082397314
0.9986988462241293
0.001037001874512896
0.9999903815832967
0.07402579899062514
0.9999996097540462
0.004161757476324505
0.9999790461317902
0.0005796626811379103
0.994605656150946
0.002694086874357341
0.4689604633331688
0.9874746972689368
0.00011823061710641859
0.41941221643119725
0.9999551479793699
0.003144629167067459
0.029462577097403915
0.9999237382694434
0.9999080704301382
0.998044224262793
0.21219520145675605
0.9999825449193365
0.9806100792162645
0.992329967608042
0.0034364815652390846
0.0017241834547479398
0.00022663473834818768
0.0008373588028693685
0.9997860655041907
0.7537895010105695
0.9993231296503855
0.9919092399860996
0.42517172570896544
0.002534788999840943
0.748411953282921
0.0013230068014625622
0.2411460323826421
0.13184784485729595
0.35182820956515143
0.9936313894412003
0.009817770244867623
0.9999678084616584
0.9870330923157048
0.043818419607204076
0.01739060332779784
0.9999281632496825
0.02184081588841305
0.20694528088084305
0.9599120404967029
0.0014581927617970645
0.00047883519921999656
0.017708504279460732
0.00026819561656154194
0.0018668863207011073
0.9999054163381368
0.9999999999987927
0.9999981162151211
0.9994244168204373
0.023661334270206613
0.010121306222530694
0.9969966106708693
0.999999995540243
0.9999964243032485
0.0017434342644951078
0.9958591703357667
0.0007110702315742314
0.0006029684509313993
0.2873343572865781
0.9998424607152699
0.9465051579187584
0.9999999981922232
0.009524833728137904
0.0034292443469603187
0.005153201453359167
0.0016149217664578614
0.00035879025839054393
0.5427363669991074
0.0001944023623437505
0.15625807406325162
0.015299251290081244
6.212476390391315e-05
0.9999999993894586
0.0006301508412830844
0.9988908399959152
0.9975376890623228
0.00020682128743956376
0.9898071617204093
5.9029970002726274e-05
0.261567502369089
0.9357019229913174
3.0385627052850102e-05
0.0012914322304424576
0.9630529162929988
0.0006008990345288779
0.9997311165451861
0.00016553727981728121
0.9999424789801736
0.0017555121180343294
0.0003654820534401224
0.4306546659828646
0.9999920447693759
0.9925231938472756
0.004954732579233417
0.9959775075931478
0.7110578098282327
0.012521080808737173
0.017665548398494327
0.9700128942483596
0.00011996943554062249
0.10632067562916948
0.8511036618978198
0.997347052772143
0.068211292386257
0.999996566254813
0.9999972297981523
0.001684921626127329
0.9948644774409086
0.986980662022183
0.007033428188212493
0.0003665241649489044
0.1193595415470774
0.030531439780811385
0.9999999999999898
0.011501314909217457
0.9516513834641607
0.011080191711859144
0.9999961908861085
0.0012741862795276886
0.00042120088628447354
0.0021581113847428807
0.9999297355208552
0.9994398644689664
0.9933884910080082
0.0031748159470246103
0.12812723565263326
0.008340068677728126
0.00046982805990264636
0.9984892399205234
0.00909502912930693
0.034415793658389544
0.9857064715845237
0.9861274613951319
0.002080927639804048
0.9968837221926682
0.008722393862868933
0.9664234939973253
0.9472310712687697
0.9996607112447073
0.0011570275188908818
0.0007895554282603601
0.9977952124885324
0.9247292484413012
0.026187696777895078
0.01480119766390134
0.026680508927635717
0.0005764030576825316
0.9970420454530189
0.9999999997754274
0.0049625513998774965
0.9999913956788535
0.9999760814808791
0.9995660690258915
0.00048067805364222473
0.21076454541992737
0.0070815271437274655
0.00965656394925816
9.226661359640555e-05
0.999129712384836
0.0027395103146122834
0.9999995146470351
0.9238331851502976
0.9993814977323947
0.021233756374986954
0.062273764604965365
6.1445885457247e-05
0.013076589630192556
0.9999264623640117
0.9981754796622163
0.0048566756233108955
0.9999977611736649
0.0021758014099217808
0.004003195082789944
0.03978283939065578
0.9304115809433273
0.9999972918891085
0.0017814613722726604
0.0028298420835300214
0.0006867684090499872
0.9997345230294036
0.9840053144961652
0.00022573395121168826
0.9999163041564205
0.9999992676335417
0.0007458970748009399
0.9999995537734564
0.9944823809281
0.007129336138654934
0.01653165606505231
0.008060517115150698
0.0023666419397175373
0.99999391214709
0.00041205240367985565
0.9988991586382558
0.0024473783214102843
0.004606757507394741
0.006313510772522999
0.9994331350911269
0.1895475352539049
0.052240924858388715
0.9830151446131549
0.9992282735923514
0.043532241560570555
0.9974086369206707
0.9939797288112161
0.9999999956295915
0.9999999999991849
0.005024936819238435
0.9999786118263522
0.0008360761085797594
0.0909470787096075
0.9279318103407287
0.7696321594221592
8.194854892600234e-06
3.0825230098555746e-05
0.9930170473894387
0.23541713291277888
0.03636325241052206
4.177660312435762e-06
0.03245776068490191
0.00043250342988480146
0.02357509876233676
0.9950667588221532
0.011354722939897964
0.9956069459525322
0.031180835575651246
0.9999951544995618
0.0006507929548812939
0.9891850094660238
0.021475340751822305
0.001057711686904222
0.9922143850935942
0.8764848270335335
0.07131579227201143
0.02584596303723653
0.9812505219834626
0.9990867042228705
0.9416209858700623
0.9999999995613282
0.9994763398337209
0.9923267696552704
0.9923212052673679
0.9990548088830283
0.0016955197506164283
0.44878411801241047
0.21021585966769296
0.9944861200932194
0.9998108501511555
0.011919651651761893
0.9979185320363285
0.9997878555428656
0.0037422959053199497
0.0010983180219662702
0.015183600044561398
0.33414152798783436
0.999991959784259
0.7280994285576696
0.0044991582551226015
0.9359342573430884
0.003750590757917382
0.6968532320891841
0.9387872677783591
0.002134728719278498
0.01361695898166529
0.001752097281370531
0.9832046819501749
0.9653262073351309
0.999878556471483
0.7900188123978645
0.1927990478851828
0.006014525936359131
0.9999999996486169
0.07831360678147956
0.9999180207804099
0.9980374778228076
0.000702223423064895
0.0002061338709387542
0.9953072790515346
0.010812664553860409
0.8492108597074602
0.9991611613303415
0.9999969038375159
0.026533910066672505
0.9999987216830174
0.9869335975225677
0.9968850359099091
0.0017155797577312513
0.9261574956369218
0.9999997622282405
0.9951839604372179
0.9949221399015606
0.5196680630542293
0.031202153900639292
0.8342350779218127
0.9999999264932516
0.9808483855343658
0.000886659135180825
0.9996382951028941
0.9995609922358706
0.0036382605142331564
0.999989020955734
0.7535308097485902
0.000215285613503862
0.006080892015627063
0.9999187550320972
0.007494380692563431
9.700312810987444e-05
0.0002440591196208362
0.07309313448874198
0.00031035286874928064
0.023689949125505646
0.2723106580537376
0.006826853095652807
0.0054655181832075385
0.00017399844676475296
0.9999871352718512
0.0003340833168479259
0.08703758928950346
0.9777690745604517
0.999907711759376
0.2501973619054067
0.02718327847858812
0.003044612255305652
0.01719677195885938
0.005829594867557698
0.9748514322705625
0.9990761521294794
0.000558016707907218
0.002327506700348945
0.9954923183113379
0.9999999308653794
0.9986695556625443
0.9999914708513474
0.9997653310494595
0.9967363259073152
0.9999955405967673
0.954428499851352
0.03191630146655883
0.998328622190717
0.007031867548337056
0.99995134096762
0.4851103407662239
0.997893751071285
0.9992347430824429
0.23060673338527374
0.999735474998951
0.9999643171844139
0.1523892483729042
0.0056074013681041675
0.0020920901749522393
0.08655099716936536
0.0018393479224686397
0.03424429268306955
0.0003602159484066064
0.034993685933807146
0.9984780338893897
0.010708060127188382
0.12360378223658698
0.9999237246115367
0.04618034843794557
0.010908233793069436
0.9999997317706903
0.0004353921812413691
0.9817102300143519
0.999917370948866
0.9999998289846149
0.9999881788579057
0.9998034278503262
0.9999996608840109
0.9975729854892386
0.0020174862319876953
0.9999995842384234
7.132186171351005e-05
0.9658920258373
0.9894752000998898
0.9988428917397898
0.9999870048563556
0.0004148285568129365
0.00249851157880073
3.0146955531164703e-05
0.00145394050094143
0.01038226470520088
0.9949259107910211
0.9999381753744331
0.995870938081974
0.9999976338833433
0.9999991637351601
0.0034713046585513633
0.0006760277964056903
0.9798125229030642
0.9999999694886026
0.9954412890311362
0.4759337680209166
0.00047335723850480205
0.9894544967475678
0.9999737615026911
0.9999990768526419
0.9952589039983847
0.05841757016373959
0.01600458513410366
0.9971066181012934
0.0021534354663077177
0.07795401047646174
0.3574460324563641
0.9569777007450277
0.26294001959759966
0.9992298365195105
0.99999940167594
0.1139774120126451
0.9992661574605417
0.999981367465697
0.006941294996143319
0.03528694094320287
0.9423358548984077
0.8183676141474313
0.999999466086684
0.002052485106596712
0.005442286663895653
0.9534866446921185
0.9494991378959029
0.0034787696333146707
0.102332963107727
0.9992449066620186
0.012761270900683063
0.9999999999999882
0.9999989220765155
0.999998854816539
0.988300260217471
0.999718373488702
0.09528015484961316
0.016698803403777794
0.03386981260956573
0.00021971439518038503
0.9778234805629626
3.774405362957706e-05
0.0009794899117356241
0.921142336166838
0.37340505080647335
0.9978444995340291
0.9999956039679405
0.9999999993345001
0.999943976595168
0.04241419635232621
0.6207300301275315
0.004288489114742929
0.9999998604979504
0.9982842241213389
0.9860227189543537
0.9999992199901335
0.9999979264402867
0.9866893255073579
0.0002236976842018034
0.004212885879384015
0.9999238837315307
0.0014730138385571723
0.015585635217866189
0.3956979235826033
0.026167259884713544
0.6289903737294662
0.06115636825789926
0.9999997182945396
0.9999780426120248
0.9991457329777639
5.749398767964968e-05
0.9971436229624048
0.25390452906278643
0.08920624681602395
0.9945126492829228
0.9891529349435917
0.00039861896442102747
0.04903469812738879
0.9963788507540048
0.999943243545649
0.1251570229819143
0.9915510855643562
0.9991305530785017
0.9999827949019957
0.9999995557315449
0.6240081106379498
0.9992533222916531
0.00031456267022369274
0.8535756844210712
0.9999356421283995
0.9999218071550685
0.9992395112745683
0.9998953013383899
3.7519540752868696e-05
0.0003951406400604236
0.9553302476143692
0.011512513050626914
0.9999948886810421
0.9999999080146187
0.9937381755630853
0.2814161595785158
0.9951274600202575
0.9977714951489711
0.010337025697197138
0.09313373557234633
0.0005808853437925749
0.0020886936341851883
0.0004908088737819768
0.8484925050728227
0.9982822194816905
0.9999993638818633
0.02883443310015543
0.00035113627131161835
5.753850025596771e-05
0.9975114214396286
0.1326033423724262
0.8140771961684169
0.9999851076392017
0.0003460039454774643
0.999999804837021
0.40715880647087505
0.0014676332721737025
0.9958099342566248
0.9999995071994768
0.9999999538830749
0.0031632769647277925
0.005079651129893837
0.0011721641440903868
0.9995047712107709
0.007092733924111758
0.008308460695130004
0.000668043185798689
0.9996567850547294
0.000861251199068093
0.9845359369417219
0.9993264819249483
0.0018890483385083038
4.46759931948511e-05
0.9991714737931074
1.3739432247451585e-05
0.992275120570269
0.04185929835847865
0.9980271862080606
0.9992056426620239
0.9999927498246733
0.002134342741634852
0.12683936103758492
0.9999483572882162
0.9968798468411864
0.9999537272699667
0.9999576548939869
0.9997814714918172
0.00828706545564652
0.9999999547357941
0.9993921881318294
0.9998785140386148
0.7738020516682238
0.003200992216557222
0.0012991052918976335
0.023314319638625305
0.007791767482685687
0.0029698355778716985
0.0021439952529584924
6.0995272700989904e-05
0.17548742606501025
0.004613148439903735
0.9999925336578931
0.0018524165463421926
0.00019709425584271795
0.00284142740073642
0.9990991839742356
0.2243804750111787
0.18391861978100765
0.008922005221345942
0.9943529720320318
0.9999590778928295
0.001179810615736625
0.9610464413644935
0.02506691848733734
0.9998920805992267
0.9964649592386223
0.9999999705419171
0.4141878611913374
0.9990876406851122
0.9999844075475111
0.0010575316233193564
0.15296954640728383
0.004983066552122534
0.029224088224940006
0.9921303602813899
0.9999984138406447
0.8132839030936417
0.01454964326719442
0.9996675994390529
0.9983884401940412
0.9994301450965349
0.07063933898767581
0.004637646043346622
0.0013796854338985534
0.003327363336587116
0.9998706394400563
0.9999968587392308
0.9915384558738088
0.9970964731716659
0.00010451556240251559
0.9999981502797564
0.00757786810252525
0.012534018204326815
0.8695260172131838
0.9999999221481516
0.9952842614259323
0.9982820001147354
0.6967862718037169
0.01800763921001617
7.153236618789524e-05
0.8962049218940819
0.00047238854880442683
0.9928758326862044
0.1060613247098549
0.9749080002574366
0.9999964607237107
0.0010019664466170775
0.0063352037858931615
0.004065208667884555
0.00016395756241880774
0.868612419828855
0.046790799855663485
0.9999997254659837
0.005973391427743486
0.004770614346449931
0.001272873745291083
0.0016643681178882823
0.8479864075992366
0.004293141743325951
0.009883552641397574
0.9999956645905714
0.9999999999986839
0.0002843628605769767
0.9896232895660902
0.9996087221919472
0.9999737829617887
0.46724620452649285
0.999994081925078
0.9999983013325373
0.00040269901040299846
0.004748382882660708
0.9965030834395693
0.0007931561215291779
0.9994048283562369
0.9999143084024471
0.0022579923935266474
0.0008886335269184188
0.9999999999314411
0.0006162998239801935
0.0007645706968394141
0.9999454257533342
0.0034487851583994765
0.9991522167975101
9.699478320986429e-05
0.9733871332532339
0.7161681174817845
0.536836813524593
0.9999999955378627
0.9925151332877358
0.00469059735725547
0.998706065317007
0.9917326989357412
0.00022128974658315343
0.9976614561568142
0.9970598904113892
0.9936383286183768
0.9993361197315795
0.011445870591053859
0.8912176036490176
0.00041755572793987565
0.00786806019924409
0.054063223680623745
0.9995574522820744
0.00950656781213127
0.007252560434207794
0.011498749039851647
0.9409223244150485
0.9999999880914515
0.9967825512452604
0.9997228560349647
0.9913619714019137
0.0036444677540744676
0.0038387661883803837
0.8569317648922066
0.00013453121203477734
0.6937275253502658
0.9883768053315578
0.3105822067590006
0.004891125581294954
0.9996917057553169
0.9999911695293517
0.0017994973944684227
0.9987718519370552
0.9999999999976987
0.999586190066162
0.00030146262098209225
0.9999266009584787
0.996371362180547
0.9999138590134629
0.0008205738205631261
0.24064750637454202
0.9962826780257935
0.008670856231568711
0.9997363900926212
0.00040252882104059226
0.9948164255944266
0.9958720950468734
0.992697631442836
0.9999864730358228
0.2869779808458671
0.9976640361539344
0.8612747217183712
0.0011991824700806986
0.9998877462649224
0.9992384718824637
0.9663985710695115
0.9999379441612214
0.007497681051057465
0.9985354508928086
0.003372648502010625
0.9999994781019567
0.18809216223328337
0.5823205146652958
0.9687617635270352
0.9568233934881955
1.5281253398838759e-06
0.002300359171277324
0.005009201418976034
0.005699603939652827
0.02097710992402578
0.0003110819163113481
0.00026496505099619444
0.0033230259628286405
0.004010748930427388
0.8056657936457425
0.9986782544673033
0.8488494885478924
0.0023598060568600253
0.9997173023136925
0.001614157059754924
0.9991209167478303
0.027614683440465925
0.9999976291178607
0.5842176852935799
0.9999994724417415
0.8740170087727528
0.9887630017142148
0.9999966169674196
0.0006493864158453367
0.10255350774598454
0.40076309366320106
0.9278480292007384
0.1712938590891459
0.6170176712771318
0.20797214806683262
0.00033888736055307645
0.0013693946239399836
0.0008215814175790412
4.1525253839660545e-06
0.9999533274011365
0.00013236591065984642
0.013881084301341967
0.0023393176822537882
0.9865140105512056
0.9609000698491726
0.010313018293877738
0.9999998367019176
0.8784368215643527
0.9999993856181322
0.005711602567943497
0.03381433138569803
0.0007693518517014347
0.9901066311215315
0.13287039563380668
0.9991997821543966
0.9568375010470707
0.9942821226166514
0.20347688841697442
0.01442619704061851
0.0032964840144345466
0.0010070674892171732
0.00027118138219859965
0.9731176500031521
0.001116115964808915
0.997922335559061
0.007529997183973173
0.9410329060240565
0.11091985887829754
0.9999998660827261
0.0035196944491742584
0.032928652992516516
0.0020483290509246896
0.9999250117397354
0.17164392254120156
0.0004722700557939901
0.6581442311845586
0.005304722553626817
0.9519135494081805
0.9885137238724276
0.999966741075093
0.006199572817465776
0.9977275193553553
0.00033024846955065763
0.0004930035062455677
0.9999810153029308
0.030952598983839626
0.00027455569802654575
0.9991740395429568
5.225309575861826e-05
0.9848706825933699
8.058230780580065e-05
0.9995496400093081
0.0010688092717166609
0.9999999139656514
0.029012630113881662
0.10602756384949698
0.9967844644707868
0.0005338067594450241
0.9997445187503973
0.0031708639857684407
0.00017849825574398057
0.9985146464705242
0.003917151984100084
0.0006502039183279096
0.99999997523721
0.016110864105570975
0.07426175782854537
0.08523294420074307
0.0011994483066755691
0.9989606708408437
0.9998014821711482
0.6021937580170026
0.11883498245610732
0.0014493144772491635
0.001085050784154916
0.00010987888612258264
0.9998841520570707
0.9999213292959026
0.9999341904018444
0.9996332067336605
0.9999981883976393
0.009303087334644902
0.9999969996753469
0.9999785599992742
0.22244982762708715
0.9999999905528779
0.9979881231386761
0.5711025535613903
0.9990839221690662
0.016205514036787223
0.028477583570369325
0.9999999972057712
0.019674934481962284
0.881990938015953
0.9999704871000679
0.9794012877583965
3.172644556119823e-05
0.0073486885451340715
0.9999127159431932
0.0008285739481290272
0.9999999999998774
0.005710666062148421
0.9674231738220701
0.0014452582096319616
0.9988934680687168
0.9999893621170209
0.9946071789663619
0.04620032109623723
0.999999998329822
0.04523593352331208
0.0013685564454361356
0.9284518239423265
0.00012840832240344343
0.9999999998877673
0.02340124759887724
0.0008275596530753796
0.9999024878769013
0.9553679450978381
0.9999147630519857
0.003514155567502852
0.00039290694881374724
0.5454540878597957
0.9946391309554338
0.9965869418852926
0.00035669140433656045
0.001476652647499469
0.9879924960322438
0.9999968353145451
0.99999949868138
0.0007818240088482678
0.32846883179868663
0.9991455897563287
0.9999985678113837
0.9997637924276586
0.9984386843790628
0.0041690652609119
0.7854266680800019
0.9847170417054358
0.01612799516429492
0.001937209974803971
0.004891729800129473
0.9999895151743481
0.996904886408875
0.04095329060132114
0.0013910449779222212
0.0002848780305656269
0.00484423543529745
0.10484656155759792
0.9999999999946252
0.9999999714158042
0.9992669713107244
0.045118258280474575
0.9999530134379151
0.9999796008248346
0.006617095684703743
0.007466726698150768
0.9999938283970291
0.9998120631542338
0.5516600404983344
0.00011962688909334431
0.9997420499566853
0.8935801207737988
0.006053569194113284
0.9912476517022533
0.9999359487036835
0.9991307759106136
0.9665838604929994
0.9999999980427747
0.9998807069503676
0.9995354373582573
0.999970982434536
0.9999929565732847
0.034172182977633296
0.9999667046403669
0.9977114045588789
0.10804803870926842
0.0006188142426576984
0.98362889394323
0.024536208210231503
0.5167414477029064
0.9996481586566971
0.0008321236524149218
0.016823038637882395
0.9982092541048185
0.9998437332799316
0.059594024744549064
0.9274975530286589
0.8543410516402087
0.9711601712983777
0.7574271322518832
0.9863665635912305
0.9999068264033243
0.002488561445120978
0.9997431513706914
0.009233529152027877
0.0019774448234394855
0.003917922195715708
0.010959331867383288
0.9999999743690582
0.004539702107898707
0.00034449212310304144
0.9956280454568401
0.056131711353051915
0.9986636607360622
0.9999841557779295
0.02860520571155632
0.9999227574239057
0.9533572332016744
0.0007802372504135224
0.9996933359534413
0.02675337104937957
0.022608971785984127
0.9999891875418316
0.9999806697585044
0.0008208483796466581
0.9005270813755826
0.0071772878889672645
0.004401048800299707
0.01675437558214269
0.3403616463730249
0.9987318586748645
0.9999990817937039
0.0005759114089419792
0.9999732119848147
0.008466001926742144
0.00026400469264478157
0.003200616644446297
0.9999999999878226
0.01491962134052331
0.9999824410635033
0.03070062004512049
0.0007102956187688899
0.004200390524402446
0.9552552068630886
0.9999977799542915
0.9995574540314134
0.9777399106452558
0.9999999994227613
0.024828730347782192
0.999999873475041
0.0005961873860955925
0.021881565805955995
0.0012055482144406797
0.0864975601900306
0.9993561889481961
0.9833612609126738
0.011214257278821103
0.01729331413953592
0.0010774319881943697
0.999986061934081
0.13780345582326142
0.999727572436282
0.012211029861352822
0.0011272431958824773
0.0008319896188511891
0.9999887051133314
0.9998790237343691
0.0569254707710834
0.9999939009811023
0.021873089437824428
0.34436360157973644
0.6517324129143988
0.6056886044158152
0.00019673387317724794
0.9999996999493285
0.9973696479638999
0.8590469346068204
0.15273900818200517
0.004637552762657797
0.05123686572283506
0.9999172231010913
0.008203307978464103
0.9969698742097669
0.16724385132722006
0.9998663030295143
0.9784621055419764
0.12404020963545895
0.9999963154932974
0.0004533652612285175
0.9999533381047397
0.9995182436234545
0.0010094915901681268
0.055744416895687814
0.9996450393661198
0.003065088187361076
0.00010534314494863324
0.015976395990987345
0.0011689515271232302
0.00018686446886065808
0.001448919438588597
0.27757899818042386
0.006991683344760222
0.9928500013646294
0.09935435214135126
1.4688761277716502e-05
0.009081507108949618
0.9999671315306287
0.9309663063353907
0.9849736047801243
0.9989804149417852
0.0018100038601665412
0.0026422170797478065
0.9906791388751248
0.0012328796114552015
0.991120156244097
0.9429463377343247
0.011255868888398779
0.015237970947868527
0.9965999711824807
0.9853730927870323
0.9879182542888993
0.9999974747862408
0.9999292653327879
0.9999304663405897
0.031096407398106662
0.9996329941815458
0.009382276145851229
0.8412771641265075
0.9917629022836465
0.00016294813008254516
0.9861049970102673
0.0012256071611554669
0.9999830750885017
0.006119704532808399
0.006809091082577451
0.9297193002305254
0.9999180771439744
0.0023411923837171693
0.9991849876114641
0.9996071032986468
0.000658320177526172
0.001217524875864452
0.9957409121163535
0.7379181635344827
0.9992072553909845
0.967924084492999
0.9999999814049799
0.8253662615820847
0.00019799958358397796
0.9987909006819773
0.0010899638354815479
0.9999044425739844
0.9263102508150431
0.9996755239439598
0.0005875433971522105
0.019792245682929782
0.0019441290134812276
0.9931334853290352
0.9880722790801854
0.9377022738197633
0.996193342813682
0.006634956733642753
0.9999999999998861
0.9717224733709251
0.0004757601910207489
0.9999927270650838
0.001302779057540164
0.0013765706891291207
0.9412976853331413
0.999869029768727
0.999998157453618
0.01451323061205762
0.9980230990053948
0.020061835208584997
0.0004408682266171227
0.990694288038316
0.9999999557537977
0.9807635055354889
0.2555405587306648
0.6939254929888543
0.9858735656117906
0.9718385657396447
0.0006616147180989741
0.9999999839806666
0.07160382804714292
0.00973115400426121
0.0004164809400899378
0.0031578628242170032
0.0755947608032168
0.9999331073874101
0.9999280849668063
0.9999961748387937
0.9999987680570968
0.9982970778354385
0.002952158318826689
0.9729571178568278
0.007753083099327559
0.005361251458972583
0.0011692420922286189
0.0010796056720885703
0.00015037575708744288
0.9886033095423459
0.04794659621073242
0.8366796450896363
0.9633084854560096
0.9999126407622784
0.0019097593183165396
0.003330100953217659
0.00014963127895368082
0.9999998503491456
0.0009041001471192522
0.000897727854769677
0.05686519923408724
0.003623282682008772
0.9999989059245342
0.9983019856418985
0.9940344630227684
0.016575544099159432
0.006441335052580809
0.02637522920784107
0.07972657129182771
0.00033710633860770166
0.001677697004402029
0.9999994843473735
0.0002171133292875494
0.0205757993663065
0.9998517522881427
0.005456838445378728
0.8923396103005528
0.9829283297206134
0.00031806579731598767
0.9999873100624583
0.009981926034771141
0.23974176233555752
0.0014333210549274896
0.0031339041056763087
0.9696806197313345
0.0002365314245592868
0.0019720565203441846
0.9592365466923268
0.008271486839941668
0.9999876238118584
0.01784784893013066
0.0003940277404938032
0.9998696694450557
0.01779086635196867
0.0031346709180875556
2.8630295347362956e-05
0.999958144511712
0.9999998829213158
0.0401419619381907
0.1490133952191877
0.9999993368789882
4.9208055184331016e-05
0.017711804209172982
0.9997783011988731
0.00012892252658363624
0.9642941896121232
0.014026712258887977
0.9999999996598854
0.9999032835445182
0.30718329434369057
0.00020033160391280853
0.003192994370003773
0.7842154419416069
0.9999890711463721
0.0035267897670872637
0.05681383126857401
0.9976679557689421
0.0047763989725964524
0.00011706629739282095
0.9927919923679489
0.00303973649011173
0.1027795939382924
0.9999979719281603
0.03495633771650147
0.06936929007568568
0.4669644043350797
0.8228951890526921
0.004511883022151011
0.0006230432023299445
0.01679323012202974
0.005858326537066867
0.0006209969937808231
0.00527436155867113
0.003216570976657149
0.010183108061639917
0.004450586881820297
0.021009739514046354
0.9999999766573581
0.030926255766742062
0.019786044411591864
0.002839378276340333
0.003328294439817194
0.00015278589125655498
0.01910905022632039
0.03160262321384138
0.9461248389912101
0.9955027645254715
0.0014947590092594905
0.00023245730349410099
0.9999879832288372
0.9991201853589798
0.349643258475045
0.9999912091231393
0.6077640798158357
0.0219347078518881
0.03529703467811545
0.009561878897945806
0.9910788977879468
5.9201185691565454e-06
5.723678570755358e-05
0.004763621083875627
0.0970888914672441
0.004938512713140795
0.9988260538220188
0.0003565116104582984
0.08430687412428559
0.07442795077983295
0.9775031718540542
0.00736050578599632
0.6512720560008112
0.00033628504609620267
0.9976277850422329
0.9322234176313094
0.0008107535560002777
0.04335126333976329
0.9990033095275922
0.999999999990095
0.1621408079083116
0.021830036164460408
0.3408180279921139
0.783503334767113
0.9257960714700817
0.9997329999339954
0.0008312797572985794
0.9999892089763754
0.111274936617571
0.0009483225837557227
0.38202395996695604
0.29369646719908704
0.9999999399761093
0.007175335275223723
0.9514187910869613
0.014563277289743475
0.9999982969551096
0.00107274152632786
0.9988435699067271
0.9995806973340222
0.010782293071891188
0.00012991214156350052
0.9735540092268667
0.9916794877860544
0.999639707214273
0.0013492024841388964
0.1269394575751991
0.0001702326054072419
0.999999989915015
0.9999999302269158
0.9980287245816495
0.003685419479618177
0.9816398772763858
0.0041470061135054715
0.9998055809605859
0.9984160782376456
0.9545945294556023
0.5665056628994217
7.898331153316472e-05
0.0006266547571652106
0.9998362514179325
0.9988565341086162
0.7172907141886377
0.9999885635367444
0.9961413912006275
0.05096476924474158
0.5477637387820881
0.999632235340035
0.9998409885188025
0.9189865997963672
0.9999999851028172
0.1391428674742426
0.9999882994147801
0.6289817606710274
9.557089016170663e-05
0.9997032045174704
0.0006534323353852277
0.0004985377196820429
0.0019610239664825057
0.0004576033935454211
0.005082837392626113
0.999999988991611
0.9899687891113834
0.03749730843050789
2.678597259292269e-05
0.9842759613530585
0.060520096082103715
0.0011097385984961735
0.7600909937208167
0.9903150845919191
0.021713602530348253
0.00010320146653845497
0.999996227982509
0.9989329308950865
0.9787549427000166
0.6070048144308855
0.0041736980511806
0.9993404853784437
0.009661866312951373
0.0174691547856863
0.03949759312631225
0.9971196802446397
0.04012624453155906
0.008347221037406247
0.9145479483598205
0.03365410375581476
0.0017001702641928223
0.995860440485855
0.9997480184824457
0.9890668200752191
0.01605291648931954
0.602170199760372
0.00016838481462727093
0.999646582835005
0.9999965928062008
0.010297850418637025
0.02053618903206349
0.9991372715167721
0.007505825957533126
0.07204379777572568
0.0012365951218988346
0.09730205063917018
0.9393967259867217
0.9997412122502369
0.9999216071032399
0.9999193034723276
0.9952888023539769
0.002566134066172534
0.0014429692412402798
0.9999845420920723
0.0007079100671599576
0.006950719251004779
0.9955240612500772
0.9999994525063136
0.0010009279046258508
0.0003911965596168461
0.0028748593541317786
0.999949735386609
0.0012856978268324193
0.0005273206544183596
0.0008506031423578667
0.9986139520795254
0.006146541109541086
0.9928851848868302
0.9952437592741287
0.0009283836230501212
0.0042612171890548025
0.999999968481157
0.9999999999999998
0.9996251679090974
0.0013100231083485957
0.9999477340315654
0.9994075185343617
0.0003927688856120703
0.0032759602030871093
0.008235498483118183
0.9999998635823588
0.026677976912273582
0.9999999996063447
0.996913207452738
0.999982159616664
0.9999963243136702
0.7056045820143497
0.0001116926688545269
0.6452452530142362
0.0716984048710629
0.9999661075276118
0.0019604303992576603
0.005831072120471675
0.0018512191139674252
0.9964054102103356
0.9999175685669053
0.999999990145568
0.0002979886373030787
0.9827185274252134
0.002753853815154813
0.018530520576124455
0.07329676536505113
7.467508546543365e-05
0.0007347453017488477
0.9612026685568957
0.015455944670061752
0.9317819651781031
0.9991451723809504
0.9999507952022124
0.003700757930928505
0.9167236036726493
0.9600737923314596
0.00020081634217208264
0.009810431079493625
0.19435850122866696
0.9995188840854484
0.9980303352178821
0.9484056709281481
0.9999884351745426
0.035516226941433415
0.08418890463898066
0.0003387726554314025
0.9998561446949571
0.000938905615974265
0.9999999508581334
0.9999999999941891
0.9949611509946169